# f x = 2 * (ceil (1.1^x))
# i.e. incrementando em 10%
# ate n >= 10^7
2 
4 
6 
8 
10 
12 
14 
16 
18 
20 
22 
24 
28 
30 
32 
36 
40 
44 
48 
52 
58 
62 
70 
76 
84 
92 
100 
110 
122 
134 
146 
162 
178 
196 
214 
236 
260 
286 
314 
344 
380 
416 
458 
504
554 
610 
670 
738 
812 
892 
982 
1080 
1188 
1306 
1436 
1580 
1738 
1912 
2104 
2314 
2544 
2800 
3078 
3386 
3726 
4098 
4508 
4958 
5454 
6000 
6598 
7258 
7984 
8782 
9662 
10628 
11690 
12858 
14144 
15558 
17114 
18826 
20708 
22778 
25056 
27562 
30318 
33350 
36684 
40354 
44388 
48828 
53710 
59080 
64988 
71488 
78636 
86500 
95150 
104664 
115132 
126644 
139308 
153240 
168562 
185420 
203960 
224356 
246792 
271472 
298618 
328480 
361328 
397462 
437208 
480928 
529020 
581922 
640114 
704126 
774538 
851992 
937192 
1030910 
1134002 
1247402 
1372142 
1509356 
1660292 
1826320 
2008952 
2209848 
2430832 
2673914 
2941306 
3235436 
3558980 
3914878 
4306366 
4737002 
5210702 
5731772 
6304950 
6935444 
7628990 
8391888 
9231076 
